Exercice 9

A : 543 34.567800
B :  543  34.567800
C : 543 34.567800
D :     34.568  3.457e+01
E :   543
F :     34.56780
